lA Low Sat. Red 61.35 34.81 18.38 210 121 117 189 121 117 
2A Low Sat. Yellow 75.5 5.84 50.42 216 179 90 205 178 96 
3A Low Sat. Green 66.82 -25.06 23.47 127 175 120 141 174 122 
4A Low Sat. Cyan 60.53 -22.62 -20.4 66 157 179 103 156 177 
SA Low Sat. Blue 59.66 -2.03 -28.46 116 147 194 125 146 191 
6A Low Sat. Magenta 59.15 30.83 -5.72 190 121 154 172 120 151
lE Card White 96.04 2.16 2.6 249 242 238 247 242 237 
3E 40% Gray 65.52 0.69 1.86 161 157 154 158 156 153 
6E Card Black 16.91 1.43 -0.81 43 41 43 46 46 47 
2F Primary Magenta 50.49 53.45 -13.55 192 75 145 167 76 141 
3F Primary Yel low 83.61 3.36 87.02 245 205 0 234 204 37 
4F Primary Red 41.05 60.75 31.17 186 26 51 159 32 53 
SF Primary Green 54.14 -40.76 34.75 57 146 64 94 145 71 
6F Primary Blue 24.75 13.78 -49.48 25 55 135 41 58 132 
lG Primary Orange 60.94 38.21 61.31 222 118 32 198 117 44
3G Pink 49.81 48.5 15.76 195 79 95 170 80 94 
4G Violet 28.88 19.36 -24.48 83 58 106 78 61 104
6G Sunflower 71 .65 23.74 72.28 238 158 25 218 157 46 
lH Aqua 70.19 -31.85 1.98 98 187 166 130 186 166 
2H Lavender 54.38 8.84 -25. 71 126 125 174 125 124 171 
3H Evergreen 42.03 -15.78 22.93 82 106 60 90 106 65
SH Classic Light Skin 65.1 18.14 18.68 197 145 125 183 144 125 
6H Classic Dark Skin 36.13 14.15 15.78 112 76 60 103 77 63